0,999919264
0,999896371664731
0,999870224499381
0,999840687753332
0,999807622109362
0,999770883539604
0,999730323157111
0,99968578706288
0,9996371161882
0,999584146132194
0,999526706994388
0,999464623202185
0,99939771333307
0,999325789931392
0,999248659319564
0,999166121403515
0,99907796947221
0,998983989991069
0,998883962389101
0,998777658839559
0,998664844033926
0,99854527494903
0,998418700607075
0,998284861828393
0,998143490976676
0,997994311696478
0,997837038642746
0,997671377202148
0,997497023205944
0,997313662634151
0,997120971310745
0,996918614589612
0,996706247030999
0,996483512068154
0,996250041663878
0,996005455956675
0,995749362896194
0,995481357867645
0,995201023304846
0,994907928291577
0,994601628150873
0,994281664021908
0,993947562424095
0,993598834808008
0,993234977092755
0,992855469189364
0,992459774509793
0,992047339461115
0,99161759292444
0,99116994571812
0,990703790044753
0,990218498921525
0,989713425593364
0,989187902928412
0,988641242795273
0,988072735421502
0,987481648732764
0,986867227672089
0,986228693498631
0,985565243065309
0,984876048074706
0,984160254312574
0,983416980858272
0,98264531927145
0,981844332754269
0,981013055288423
0,980150490746209
0,979255611974878
0,978327359853454
0,977364642321212
0,976366333376951
0,975331272048213
0,974258261329528
0,973146067088764
0,971993416940647
0,970798999086438
0,969561461118787
0,968279408790706
0,966951404747591
0,965575967221194
0,964151568684409
0,962676634465695
0,961149541321937
0,959568615968498
0,957932133565196
0,956238316156869
0,954485331067196
0,952671289244358
0,950794243557118
0,948852187039829
0,946843051084843
0,944764703580769
0,942614946994943
0,940391516398456
0,938092077432025
0,935714224210939
0,933255477167265
0,93071328082744
0,928085001523321
0,925367925034708
0,922559254161303
0,919656106221981
0,91665551047923
0,913554405486505
0,910349636356214
0,907037951945957
0,903616001960587
0,900080333967581
0,896427390323131
0,892653505006302
0,888754900358508
0,884727683725486
0,88056784399886
0,876271248054301
0,871833637083202
0,867250622814696
0,862517683624733
0,857630160528877
0,852583253055324
0,8473720149946
0,841991350022245
0,836436007190703
0,830700576286519
0,824779483048834
0,818666984245035
0,812357162599311
0,805843921569727
0,799120979969305
