0.00001,
0.00235,
0.00470,
0.00707,
0.00945,
0.01183,
0.01422,
0.01662,
0.01903,
0.02144,
0.02387,
0.02630,
0.02874,
0.03119,
0.03365,
0.03611,
0.03859,
0.04107,
0.04356,
0.04606,
0.04857,
0.05109,
0.05362,
0.05615,
0.05870,
0.06125,
0.06381,
0.06638,
0.06896,
0.07155,
0.07414,
0.07675,
0.07936,
0.08199,
0.08462,
0.08726,
0.08991,
0.09257,
0.09524,
0.09792,
0.10061,
0.10330,
0.10601,
0.10872,
0.11145,
0.11418,
0.11692,
0.11968,
0.12244,
0.12521,
0.12799,
0.13078,
0.13358,
0.13639,
0.13921,
0.14204,
0.14488,
0.14773,
0.15059,
0.15346,
0.15633,
0.15922,
0.16212,
0.16503,
0.16795,
0.17088,
0.17381,
0.17676,
0.17972,
0.18269,
0.18567,
0.18866,
0.19166,
0.19467,
0.19769,
0.20072,
0.20376,
0.20681,
0.20987,
0.21294,
0.21603,
0.21912,
0.22222,
0.22534,
0.22846,
0.23160,
0.23475,
0.23790,
0.24107,
0.24425,
0.24744,
0.25064,
0.25386,
0.25708,
0.26032,
0.26356,
0.26682,
0.27009,
0.27337,
0.27666,
0.27996,
0.28327,
0.28660,
0.28993,
0.29328,
0.29664,
0.30001,
0.30339,
0.30679,
0.31019,
0.31361,
0.31704,
0.32048,
0.32393,
0.32740,
0.33087,
0.33436,
0.33786,
0.34137,
0.34490,
0.34844,
0.35198,
0.35555,
0.35912,
0.36270,
0.36630,
0.36991,
0.37354,
0.37717,
0.38082,
0.38448,
0.38815,
0.39184,
0.39553,
0.39925,
0.40297,
0.40671,
0.41045,
0.41422,
0.41799,
0.42178,
0.42558,
0.42940,
0.43322,
0.43706,
0.44092,
0.44478,
0.44866,
0.45256,
0.45646,
0.46038,
0.46432,
0.46827,
0.47223,
0.47620,
0.48019,
0.48419,
0.48821,
0.49224,
0.49628,
0.50034,
0.50441,
0.50849,
0.51259,
0.51671,
0.52083,
0.52498,
0.52913,
0.53330,
0.53749,
0.54169,
0.54590,
0.55013,
0.55437,
0.55863,
0.56290,
0.56718,
0.57149,
0.57580,
0.58013,
0.58448,
0.58884,
0.59321,
0.59760,
0.60201,
0.60643,
0.61087,
0.61532,
0.61979,
0.62427,
0.62877,
0.63328,
0.63781,
0.64235,
0.64691,
0.65149,
0.65608,
0.66068,
0.66531,
0.66994,
0.67460,
0.67927,
0.68396,
0.68866,
0.69338,
0.69811,
0.70286,
0.70763,
0.71242,
0.71722,
0.72203,
0.72687,
0.73172,
0.73658,
0.74147,
0.74637,
0.75129,
0.75622,
0.76117,
0.76614,
0.77113,
0.77613,
0.78115,
0.78618,
0.79124,
0.79631,
0.80140,
0.80651,
0.81163,
0.81677,
0.82193,
0.82711,
0.83230,
0.83752,
0.84275,
0.84800,
0.85326,
0.85855,
0.86385,
0.86917,
0.87451,
0.87987,
0.88525,
0.89064,
0.89606,
0.90149,
0.90694,
0.91241,
0.91790,
0.92340,
0.92893,
0.93448,
0.94004,
0.94562,
0.95123,
0.95685