1.00000,
1.00938,
1.01877,
1.02816,
1.03755,
1.04694,
1.05633,
1.06572,
1.07511,
1.08450,
1.09389,
1.10328,
1.11267,
1.12206,
1.13145,
1.14084,
1.15023,
1.15962,
1.16901,
1.17840,
1.18779,
1.19718,
1.20657,
1.21596,
1.22535,
1.23474,
1.24413,
1.25352,
1.26291,
1.27230,
1.28169,
1.29107,
1.30046,
1.30985,
1.31924,
1.32863,
1.33802,
1.34741,
1.35680,
1.36619,
1.37558,
1.38497,
1.39436,
1.40375,
1.41314,
1.42253,
1.43192,
1.44131,
1.45070,
1.46009,
1.46948,
1.47887,
1.48826,
1.49765,
1.50704,
1.51643,
1.52582,
1.53521,
1.54460,
1.55399,
1.56338,
1.57276,
1.58215,
1.59154,
1.60093,
1.61032,
1.61971,
1.62910,
1.63849,
1.64788,
1.65727,
1.66666,
1.67605,
1.68544,
1.69483,
1.70422,
1.71361,
1.72300,
1.73239,
1.74178,
1.75117,
1.76056,
1.76995,
1.77934,
1.78873,
1.79812,
1.80751,
1.81690,
1.82629,
1.83568,
1.84507,
1.85446,
1.86384,
1.87323,
1.88262,
1.89201,
1.90140,
1.91079,
1.92018,
1.92957,
1.93896,
1.94835,
1.95774,
1.96713,
1.97652,
1.98591,
1.99530,
2.00469,
2.01408,
2.02347,
2.03286,
2.04225,
2.05164,
2.06103,
2.07042,
2.07981,
2.08920,
2.09859,
2.10798,
2.11737,
2.12676,
2.13615,
2.14553,
2.15492,
2.16431,
2.17370,
2.18309,
2.19248,
2.20187,
2.21126,
2.22065,
2.23004,
2.23943,
2.24882,
2.25821,
2.26760,
2.27699,
2.28638,
2.29577,
2.30516,
2.31455,
2.32394,
2.33333,
2.34272,
2.35211,
2.36150,
2.37089,
2.38028,
2.38967,
2.39906,
2.40845,
2.41784,
2.42723,
2.43661,
2.44600,
2.45539,
2.46478,
2.47417,
2.48356,
2.49295,
2.50234,
2.51173,
2.52112,
2.53051,
2.53990,
2.54929,
2.55868,
2.56807,
2.57746,
2.58685,
2.59624,
2.60563,
2.61502,
2.62441,
2.63380,
2.64319,
2.65258,
2.66197,
2.67136,
2.68075,
2.69014,
2.69953,
2.70892,
2.71830,
2.72769,
2.73708,
2.74647,
2.75586,
2.76525,
2.77464,
2.78403,
2.79342,
2.80281,
2.81220,
2.82159,
2.83098,
2.84037,
2.84976,
2.85915,
2.86854,
2.87793,
2.88732,
2.89671,
2.90610,
2.91549,
2.92488,
2.93427,
2.94366,
2.95305,
2.96244,
2.97183,
2.98122,
2.99061,
3.00000,
3.00938,
3.01877,
3.02816,
3.03755,
3.04694,
3.05633,
3.06572,
3.07511,
3.08450,
3.09389,
3.10328,
3.11267,
3.12206,
3.13145,
3.14084,
3.15023,
3.15962,
3.16901,
3.17840,
3.18779,
3.19718,
3.20657,
3.21596,
3.22535,
3.23474,
3.24413,
3.25352,
3.26291,
3.27230,
3.28169,
3.29107,
3.30046,
3.30985,
3.31924,
3.32863,
3.33802,
3.34741,
3.35680,
3.36619,
3.37558,
3.38497,
3.39436